1,0,1,C,-3.55,-17.75,1.5,0.2,1,0|-0.6,0,0,0.35,0,0,-0.2,-7.45058e-09,0,0,0,0,2.3,-6,4.5,0,0.05,0,0,0,0,0,0,0,0,0,0,0,1.0208,0,0.3,0,0,0,-17.6,0,textures/face_happy.bmp,1280,320|0,-1.3,0,-5,-42.8999,0,0,0,0,0,0,-1.76715,0,0,0,0,0,1.76715|0
1,0,1,C,-2.55,-17.25,1.85,2.98023e-09,0.6,0|-0.6,0,0,0.35,0,0,-0.2,-7.45058e-09,0,0,0,0,2.3,-6,4.5,0,0.05,0,0,0,0,0,0,0,0,0,0,0,1.0208,0,0.3,0,0,0,-17.6,0,textures/face_happy.bmp,1280,320|0,-1.3,0,-3.5,-36.8,0.3,0.325,0,0,0,0,-1.76715,-0.325,0,0,0,0,1.76715|60
1,0,1,C,-2.75,-16.7,0.599999,2.98023e-09,1.2,0|-0.6,0,0,0.35,0,0,-0.2,-7.45058e-09,0,0,0,0,2.3,-6,4.5,0,0.05,0,0,0,0,0,0,0,0,0,0,0,1.0208,0,0.3,0,0,0,-17.6,0,textures/face_happy.bmp,1280,320|0,-1.3,0,-1.7,-36,1.2,-0.2,0,0,0,0,-1.76715,0.2,0,0,0,0,1.76715|120
1,0,1,C,-1.5,-15.85,0.649999,-3.27826e-08,1.2,0|-0.6,0,0,0.35,0,0,-0.2,-7.45058e-09,0,0,0,0,2.3,-6,4.5,0,0.05,0,0,0,0,0,0,0,0,0,0,0,1.0208,0,0.3,0,0,0,-17.6,0,textures/face_happy.bmp,1280,320|0,-1.3,0,-0.7,-34.4,1.1,0.275,0,0,0,0,-1.76715,-0.275,0,0,0,0,1.76715|180
1,0,1,C,-0.900001,-15.85,-0.350001,-3.27826e-08,1.6,0|-0.6,0,0,0.35,0,0,-0.2,-7.45058e-09,0,0,0,0,2.3,-6,4.5,0,0.05,0,0.2,0.7,0.4,0,0,0,0,0,0,0,1.0208,0,0.3,0,0,0,-17.6,0,textures/face_happy.bmp,1280,320|0,-1.3,0,1.7,-34.4,0.2,-0.325,0,0,0,0,-1.76715,0.325,0,0,0,0,1.76715|240
1,0,1,C,-0.100001,-15.85,-0.350001,-3.27826e-08,1.6,0|-0.6,0,0,0.35,0,0,-0.2,-7.45058e-09,0,0,0,0,2.3,-6,4.5,0,0.05,0,0.2,0.7,1.2,0,0,0,0,0,0,0,1.0208,0,0.3,0,0,0,-17.6,0,textures/face_happy.bmp,1280,320|0,-1.3,0,2.2,-35.1,-0.5,0.325,0,0,0,0,-1.76715,-0.325,0,0,0,0,1.76715|300
1,0,1,C,0.349999,-15.4,0.249999,-2.68221e-08,1,0|-0.6,0,0,0.35,0,0,-0.2,-7.45058e-09,0,0,0,0,2.3,-6,4.5,0,0.05,0,0.2,0.7,1.2,0,0,0,0,0,0,0,1.0208,0,0.3,0,0,0,-17.6,0,textures/face_happy.bmp,1280,320|0,-1.3,0,3.1,-35.1,-0.5,3.35276e-08,0,0,0,0,-1.76715,-3.35276e-08,0,0,0,0,1.76715|360
1,1,1,C,0.349999,-15.4,0.249999,-0.4,1,0|-0.6,0,0,0.35,0,0,-0.2,-7.45058e-09,0,0,0,0,2.3,-6,4.5,0,0.05,0,0.2,0.7,1.2,0,0,0,0,0,0,0,1.0208,0,0.3,0,0,0,-17.6,0,textures/face_happy.bmp,1280,320|0,-1.3,0,3.1,-33.2001,-0.5,3.35276e-08,0,0,0,0,-1.76715,-3.35276e-08,0,0,0,0,1.76715|420
0,1,1,C,0.599999,-15.2,0.249999,-0.6,1,0|-0.6,0,0,0.35,0,0,-0.2,-7.45058e-09,0,0,0,0,2.3,-6,4.5,0,0.05,0,0.2,0.7,1.2,0,0,0,0,0,0,0,1.0208,0,0.3,0,0,0,-17.6,0,textures/face_happy.bmp,1280,320|0,-1.3,0,3.1,-32.3001,-0.5,0.625,0,0,0,0,-1.76715,-0.625,0,0,0,0,1.76715|480
1,1,1,C,0.599999,-15.2,0.249999,-0.6,1,0|-0.6,0,0,0.35,0,0,-0.2,-7.45058e-09,0,0,0,0,2.3,-6,4.5,0,0.05,0,0.2,0.7,1.2,0,0,0,0,0,0,0,1.0208,0,0.3,0,0,0,-17.6,0,textures/face_happy.bmp,1280,320|0,-1.3,0,3.1,-32.3001,-0.5,2.45,0,0,0,0,-1.76715,-2.45,0,0,0,0,1.76715|540
1,1,1,C,0.599999,-15.15,0.249999,-1,1,0|-0.6,0,0,0.35,0,0,-0.2,-7.45058e-09,0,0,0,0,2.3,-6,4.5,0,0.05,0,0.2,0.7,1.2,0,0,0,0,0,0,0,1.0208,0,0.3,0,0,0,-17.6,0,textures/face_happy.bmp,1280,320|0,-1.3,0,3.1,-32.3001,-0.5,4.80001,0,0,0,0,-1.76715,-4.80001,0,0,0,0,1.76715|600
1,0,1,C,0.599999,-15.15,0.249999,-0.8,1,0|-0.6,0,0,0.35,0,0,-0.2,-7.45058e-09,0,0,0,0,2.3,-6,4.5,0,0.05,0,0.2,0.7,1.2,0,0,0,0,0,0,0,1.0208,0,0.3,0,0,0,-17.6,0,textures/face_happy.bmp,1280,320|0,-1.3,0,3.1,-32.3001,-0.5,6.22501,0,0,0,0,-1.76715,-6.22501,0,0,0,0,1.76715|660
0,0,1,C,0.599999,-15.15,0.249999,-0.8,1,0|-0.6,0,0,0.35,0,0,-0.2,-7.45058e-09,0,0,0,0,2.3,-6,4.5,0,0.05,0,0.2,0.7,1.2,0,0,0,0,0,0,0,1.0208,0,0.3,0,0,0,-17.6,0,textures/face_happy.bmp,1280,320|0,-1.3,0,3.1,-32.3001,-0.5,6.22501,0,0,0,0,-1.76715,-6.22501,0,0,0,0,1.76715|720
0,0,0,C,0.599999,-15.15,0.249999,-0.8,1,0|-0.6,0,0,0.35,0,0,-0.2,-7.45058e-09,0,0,0,0,2.3,-6,4.5,0,0.05,0,0.2,0.7,1.2,0,0,0,0,0,0,0,1.0208,0,0.3,0,0,0,-17.6,0,textures/face_happy.bmp,1280,320|0,-1.3,0,3.1,-32.3001,-0.5,6.22501,0,0,0,0,-1.76715,-6.22501,0,0,0,0,1.76715|780
